20113305 123456-01 	23.2 	38.39 	18.4 	9.8 	89.78 	1 	A
20113248 123456-01 	25.85 	34.98 	18.8 	4.7 	84.33 	2 	A
20113336 123456-01 	26.74 	37.16 	14.4 	5.1 	83.4 	3 	A
20113319 123456-01 	26.5 	38.22 	16.4 	0.9 	82.02 	4 	A
20095378 123456-01 	27.69 	34.54 	9.8 	8.4 	80.43 	5 	A
20095374 123456-01 	26.09 	33.35 	9.8 	8.1 	77.34 	6 	A
20113249 123456-01 	27.51 	23.85 	16.6 	9.3 	77.26 	7 	A
20113254 123456-01 	24.55 	34.77 	15.4 	1.3 	76.02 	8 	A
20095377 123456-01 	17.51 	32.53 	16.6 	8.9 	75.54 	9 	A
20113318 123456-01 	25.83 	29.32 	18 	2.1 	75.25 	10 	A
20113278 123456-01 	28.65 	33.03 	8.6 	4.9 	75.18 	11 	A
20113317 123456-01 	27.48 	38.41 	3.2 	5.8 	74.89 	12 	A
20113261 123456-01 	17.53 	37.81 	11.2 	7.2 	73.73 	13 	A
20113282 123456-01 	27.16 	37.68 	7.2 	1 	73.04 	14 	A
20095367 123456-01 	21.74 	36.74 	10.2 	3 	71.68 	15 	B
20113331 123456-01 	13.78 	37.37 	14.8 	5.6 	71.55 	16 	B
20113324 123456-01 	20.86 	26.57 	17.8 	6.3 	71.53 	17 	B
20113338 123456-01 	20.48 	35.36 	6.4 	8.5 	70.75 	18 	B
20113334 123456-01 	23.68 	21.28 	17.4 	8.3 	70.66 	19 	B
20113328 123456-01 	27.23 	34.74 	3.6 	3.7 	69.27 	20 	B
20113329 123456-01 	18.09 	26.77 	17.2 	6.8 	68.86 	21 	B
20113251 123456-01 	14.76 	34.34 	18.8 	0.8 	68.7 	22 	B
20113301 123456-01 	24.85 	17.88 	15.8 	9.8 	68.33 	23 	B
20113267 123456-01 	23.92 	26.67 	7.4 	9.7 	67.68 	24 	B
20113299 123456-01 	21.8 	29.87 	9.8 	5.5 	66.97 	25 	B
20113290 123456-01 	13.72 	36.75 	7 	8.6 	66.07 	26 	B
20113280 123456-01 	15.66 	34.97 	12.4 	0.7 	63.73 	27 	B
20113252 123456-01 	13.86 	27.57 	15 	6.2 	62.63 	28 	B
20113284 123456-01 	22.98 	37.12 	2 	0.5 	62.61 	29 	B
20113270 123456-01 	18.41 	27.51 	15.4 	1.1 	62.42 	30 	B
20113320 123456-01 	27 	29.54 	1.4 	3.9 	61.84 	31 	B
20113314 123456-01 	13.37 	35.26 	5.4 	7.7 	61.73 	32 	B
20113253 123456-01 	27.81 	21.08 	7 	5.5 	61.39 	33 	B
20113269 123456-01 	16.44 	34.65 	4.4 	5 	60.48 	34 	B
20113342 123456-01 	25.71 	20.04 	10 	4.2 	59.96 	35 	C
20113341 123456-01 	19.73 	17.18 	14.8 	7.5 	59.2 	36 	C
20113293 123456-01 	18.63 	34.35 	2.2 	3.8 	58.98 	37 	C
20113333 123456-01 	21.17 	24.77 	4.4 	7.8 	58.14 	38 	C
20113327 123456-01 	19.67 	35.91 	0.2 	1.6 	57.38 	39 	C
20113273 123456-01 	23.9 	15.76 	14.8 	2.4 	56.87 	40 	C
20095372 123456-01 	13.31 	28.94 	12.6 	1.9 	56.75 	41 	C
20113275 123456-01 	20.75 	13.12 	13.4 	8.6 	55.87 	42 	C
20113255 123456-01 	9.05 	36.36 	7.4 	2.2 	55.02 	43 	C
20113250 123456-01 	1.84 	36.72 	9 	7 	54.57 	44 	C
20113266 123456-01 	28.19 	12.22 	4.4 	9.3 	54.11 	45 	C
20113330 123456-01 	8.03 	23.32 	19.4 	3.3 	54.06 	46 	C
20113262 123456-01 	27.51 	3.22 	19.6 	3.2 	53.53 	47 	C
20113306 123456-01 	11.83 	23.96 	12 	5.6 	53.39 	48 	C
20113263 123456-01 	9.73 	25.19 	9.2 	9 	53.11 	49 	C
20113312 123456-01 	26.09 	5.26 	16 	5 	52.35 	50 	C
20113469 123456-01 	3.52 	38.2 	6.2 	4.3 	52.22 	51 	C
20095370 123456-01 	20.5 	20.24 	6.4 	4.9 	52.04 	52 	C
20095373 123456-01 	23.69 	15.77 	12.4 	0.1 	51.96 	53 	C
20113296 123456-01 	22.28 	5.32 	17.4 	6.8 	51.8 	54 	C
20113321 123456-01 	6.74 	26.75 	8.8 	9.2 	51.49 	55 	C
20113274 123456-01 	14.17 	23.53 	3.6 	9.9 	51.2 	56 	C
20095369 123456-01 	23.86 	2.59 	15 	9.5 	50.94 	57 	C
20113286 123456-01 	0.32 	27.97 	20 	2.5 	50.79 	58 	C
20113309 123456-01 	15.38 	22.23 	7.6 	5.2 	50.41 	59 	C
20113316 123456-01 	5.46 	35.82 	0.6 	7.9 	49.78 	60 	C
20113279 123456-01 	5.16 	39.38 	4.2 	0.5 	49.24 	61 	C
20113259 123456-01 	26.99 	5.72 	8 	8.4 	49.11 	62 	C
20113339 123456-01 	12.76 	21.71 	5.8 	8.7 	48.97 	63 	C
20113247 123456-01 	20.45 	4 	17.6 	6.7 	48.76 	64 	C
20095366 123456-01 	22.03 	17.69 	3.4 	5.3 	48.42 	65 	C
20113297 123456-01 	12.05 	15.2 	19.8 	1.3 	48.36 	66 	C
20113346 123456-01 	16.88 	29.72 	0.8 	0.9 	48.31 	67 	C
20113307 123456-01 	28.04 	5.21 	6.6 	8.4 	48.25 	68 	C
20113303 123456-01 	4.87 	21.74 	13.6 	7.9 	48.12 	69 	C
20113326 123456-01 	3.15 	26.32 	11.6 	6.1 	47.17 	71 	D
20113265 123456-01 	5.63 	27.94 	8.6 	4 	46.16 	72 	D
20113289 123456-01 	19.18 	15.71 	4.2 	6.3 	45.39 	73 	D
20113345 123456-01 	18.83 	19.65 	3.6 	2.9 	44.98 	74 	D
20113277 123456-01 	5.14 	32.2 	1.4 	6.2 	44.94 	75 	D
20113271 123456-01 	26.68 	10.45 	6.4 	1.2 	44.74 	76 	D
20095371 123456-01 	19.45 	17.98 	3.6 	3.5 	44.54 	77 	D
20113276 123456-01 	21.98 	22.25 	0 	0 	44.23 	78 	D
20113260 123456-01 	17.63 	7.24 	16 	3.2 	44.06 	79 	D
20106008 123456-01 	3.93 	30.78 	7.8 	1.5 	44.01 	80 	D
20113272 123456-01 	28.6 	4 	2.8 	8.5 	43.9 	81 	D
20113298 123456-01 	21.73 	12.73 	8.8 	0.2 	43.46 	82 	D
20113281 123456-01 	20.54 	9.32 	3.8 	9.2 	42.87 	83 	D
20113313 123456-01 	5.81 	32.76 	1.8 	0.7 	41.07 	84 	D
20095365 123456-01 	15.54 	18.95 	5 	3.2 	42.69 	85 	D
20113332 123456-01 	11.88 	25.06 	1.6 	4.1 	42.64 	86 	D
20113335 123456-01 	26.15 	10.28 	4.4 	1.7 	42.53 	87 	D
20113300 123456-01 	19.45 	2.55 	18.2 	2.1 	42.3 	88 	D
20095368 123456-01 	17.28 	14.52 	8.6 	1.8 	42.2 	89 	D
20113325 123456-01 	23.63 	2.74 	11.2 	4.6 	42.17 	90 	D
20095376 123456-01 	3.92 	31.41 	2 	4.6 	41.93 	91 	F
20113294 123456-01 	18.55 	17.5 	0.6 	5 	41.65 	92 	F
20113295 123456-01 	10.83 	13.58 	16.2 	1 	41.61 	93 	F
20113308 123456-01 	7.91 	16.06 	9.4 	7.8 	41.17 	94 	F
20113258 123456-01 	11.68 	6.42 	18 	4.6 	40.7 	95 	F
20106007 123456-01 	0.7 	12.88 	19.8 	6.8 	40.18 	96 	F
20113323 123456-01 	5.07 	17.22 	14.2 	3.3 	39.8 	97 	F
20113310 123456-01 	2.03 	14.28 	15.4 	7.1 	38.81 	98 	F
20113257 123456-01 	17.05 	6.84 	9.8 	4.1 	37.79 	99 	F
20113288 123456-01 	10.77 	22.08 	0.6 	4.1 	37.55 	100 	F
20113292 123456-01 	8.1 	19.96 	2.6 	6.8 	37.46 	101 	F
20113264 123456-01 	6.42 	23.11 	4 	3.7 	37.23 	102 	F
20113291 123456-01 	24.75 	0.16 	5.8 	6.1 	36.82 	103 	F
20113302 123456-01 	19.91 	6.43 	9.4 	0.9 	36.65 	104 	F
20113268 123456-01 	15.87 	0.07 	18.4 	2 	36.34 	105 	F
20113311 123456-01 	24.94 	5.16 	3.8 	1.5 	35.4 	106 	F
20095375 123456-01 	3.17 	18.36 	4.6 	8.1 	34.23 	107 	F
20113304 123456-01 	9.11 	14.52 	9.4 	1.1 	34.12 	108 	F
20106009 123456-01 	17.65 	6.04 	7 	3 	33.69 	109 	F
20113256 123456-01 	16.78 	3.57 	7 	5.6 	32.95 	110 	F
20113287 123456-01 	17.16 	11.08 	1.4 	2.2 	31.84 	111 	F
20113337 123456-01 	18.81 	2.63 	5.8 	4.4 	31.64 	112 	F
20113285 123456-01 	6.88 	7.27 	11.4 	5.5 	31.05 	113 	F
20113344 123456-01 	1.34 	15.61 	7 	6.6 	30.54 	114 	F
20113315 123456-01 	4.02 	3.95 	12.2 	8.5 	28.68 	115 	F
20113322 123456-01 	19.36 	1.54 	3.2 	3.7 	27.8 	116 	F
20113340 123456-01 	8.37 	8.85 	6.6 	3.9 	27.72 	117 	F
20113283 123456-01 	5.17 	7.31 	5.6 	1.5 	19.59 	118 	F
20113343 123456-01 	2.38 	0.94 	7 	7.6 	17.92 	119 	F
